8528 13072 0 -128 8 4 5 64 16 0
6864 14096 0 -129 8 4 6 40 16 0
6560 15316 0 -128 10 5 6 32 16 0
6096 16400 0 -129 8 4 7 29 16 0
5696 20752 0 -129 8 4 8 23 16 0
5584 21536 0 -129 12 4 6 28 16 0
5264 23584 0 -129 12 4 7 22 16 0
5184 27680 0 -133 12 4 8 19 16 0
5008 34336 0 -131 12 4 9 16 16 0
4944 40768 0 -129 16 4 7 19 16 0
4816 44096 0 -128 16 4 8 16 16 0
4752 50240 0 -128 16 4 9 14 16 0
4736 79488 0 -129 20 4 8 15 16 0
4656 85120 0 -128 20 4 9 13 16 0
4608 85520 0 -129 8 4 8 23 256 0
4336 93200 0 -128 8 4 9 19 256 0