4048 89216.0 1304 -129 12 2 9 17 16 12
4208 82048.0 1314 -128 12 2 8 20 16 12
4288 70720.0 1319 -133 10 2 10 17 16 12
4336 55360.0 1322 -128 10 2 9 19 16 11
4608 44336.0 1865 -129 12 3 9 17 16 12
4768 37168.0 1875 -128 12 3 8 20 16 12
5088 33328.0 1895 -130 12 3 7 25 16 12
5296 32288.0 1382 -128 8 2 8 28 16 11
5328 28192.0 2436 -128 12 4 8 20 16 12
5440 26264.0 1917 -128 9 3 8 25 16 11
5648 24352.0 2456 -130 12 4 7 25 16 12
6032 22048.0 2480 -128 12 4 6 32 16 11
6064 21912.0 1956 -130 9 3 7 33 16 11
6688 18644.0 3047 -128 10 5 7 29 16 11
7152 17560.0 3602 -128 12 6 6 32 16 11
7456 16340.0 3095 -129 10 5 6 40 16 11
8768 16272.0 2651 -129 8 4 6 57 16 10