4704 125120 1871 -129 18 3 9 17 16 18
4864 117952 1881 -128 18 3 8 20 16 18
5040 100480 2418 -131 20 4 10 14 16 19
5104 90720 1896 -132 15 3 10 18 16 17
5136 88192 2424 -131 20 4 9 16 16 19
5296 75360 1908 -131 15 3 9 21 16 17
5504 70720 2447 -133 16 4 10 17 16 18
5536 66656 1923 -128 15 3 8 25 16 17
5552 55360 2450 -128 16 4 9 19 16 17
5824 47680 2467 -129 16 4 8 23 16 17
6224 43328 2492 -128 16 4 7 29 16 17
6544 37168 3564 -128 18 6 8 20 16 18
6656 35240 3045 -128 15 5 8 25 16 17
6864 33328 3584 -130 18 6 7 25 16 18
7248 31024 3608 -128 18 6 6 32 16 17
7280 30888 3084 -130 15 5 7 33 16 17
8064 29728 4711 -129 16 8 8 23 16 17
8320 28456 3149 -129 15 5 6 47 16 16
8464 25376 4736 -128 16 8 7 29 16 17
8928 24292 5291 -128 18 9 6 32 16 17
9232 23072 4784 -129 16 8 6 40 16 17