19056 21972 0 -192 10 5 5 88 16 0
16872 22032 0 -193 8 4 6 70 16 0
15792 23508 0 -193 10 5 6 56 16 0
14328 25360 0 -192 8 4 7 48 16 0
14256 26836 0 -193 10 5 7 41 16 0
13104 32016 0 -192 8 4 8 37 16 0
12312 35616 0 -195 12 4 7 37 16 0
11688 41504 0 -195 12 4 8 30 16 0
11208 51744 0 -192 12 4 9 25 16 0
11136 66112 0 -198 16 4 8 27 16 0
11016 71200 0 -194 12 4 10 22 16 0
10824 75840 0 -196 16 4 9 23 16 0
10584 93248 0 -194 16 4 10 20 16 0
10488 126016 0 -195 16 4 11 18 16 0
10440 126080 0 -192 20 4 9 21 16 0