21960 35104 0 -192 16 8 6 70 16 0
20880 36580 0 -193 18 9 6 56 16 0
19608 38688 0 -194 16 8 7 49 16 0
19344 39908 0 -193 18 9 7 41 16 0
18408 45600 0 -196 16 8 8 38 16 0
17208 46384 0 -193 18 6 6 56 16 0
17064 46760 0 -194 15 5 7 55 16 0
15672 49712 0 -193 18 6 7 41 16 0
15360 53672 0 -193 15 5 8 41 16 0
14928 56112 0 -195 18 6 8 33 16 0
14712 64832 0 -194 16 4 7 49 16 0
14424 66472 0 -194 15 5 9 33 16 0
14280 66864 0 -192 18 6 9 27 16 0
13512 71744 0 -196 16 4 8 38 16 0
13104 80720 0 -194 20 5 8 30 16 0
12744 84032 0 -196 16 4 9 31 16 0
12624 90960 0 -192 20 5 9 25 16 0
12168 105536 0 -194 16 4 10 26 16 0
11880 119936 0 -194 20 4 8 30 16 0
11400 130176 0 -192 20 4 9 25 16 0
11208 149632 0 -194 20 4 10 22 16 0
11160 186496 0 -199 20 4 11 20 16 0
11016 232704 0 -196 24 4 9 23 16 0
10776 250112 0 -194 24 4 10 20 16 0
10680 282880 0 -195 24 4 11 18 16 0
10488 340224 0 -192 24 4 12 16 16 0
10416 364584 0 -195 15 5 11 24 256 0
10248 405552 0 -196 18 6 11 21 256 0
10056 438312 0 -194 15 5 12 21 256 0
9768 479296 0 -194 16 4 10 26 256 0
9528 520256 0 -197 16 4 11 23 256 0
9432 577616 0 -194 20 5 10 22 256 0
9144 589888 0 -194 16 4 12 20 256 0
8952 720960 0 -194 16 4 13 18 256 0
8808 897152 0 -194 20 4 10 22 256 0
8760 934016 0 -199 20 4 11 20 256 0
8616 999552 0 -199 20 4 12 18 256 0