29248 39636 0 -257 10 5 7 71 16 0
28640 41112 0 -258 12 6 7 60 16 0
27808 45088 0 -256 12 4 6 84 16 0
26336 48596 0 -257 10 5 8 53 16 0
24352 49696 0 -258 12 4 7 60 16 0
24288 55976 0 -259 15 5 7 51 16 0
22528 58400 0 -260 12 4 8 47 16 0
21152 73248 0 -256 12 4 9 38 16 0
20640 89152 0 -261 16 4 8 40 16 0
20608 101920 0 -260 12 4 10 33 16 0
19680 102464 0 -256 16 4 9 33 16 0
19328 128064 0 -258 16 4 10 29 16 0
19168 169088 0 -260 20 4 9 31 16 0
19104 175168 0 -261 16 4 11 26 16 0
18752 192640 0 -259 20 4 10 27 16 0
18464 235648 0 -258 20 4 11 24 16 0
18080 282640 0 -258 8 4 11 35 256 0
17696 301076 0 -258 10 5 11 31 256 0
16928 317472 0 -256 12 4 9 38 256 0
16384 346144 0 -260 12 4 10 33 256 0
15904 397344 0 -262 12 4 11 29 256 0
15584 491552 0 -263 12 4 12 26 256 0
15456 590912 0 -256 16 4 9 33 256 0
15104 616512 0 -258 16 4 10 29 256 0
15072 655392 0 -259 12 4 13 23 256 0
14880 663616 0 -261 16 4 11 26 256 0
14464 745536 0 -257 16 4 12 23 256 0
