29888 32212 0 -256 10 5 6 84 16 0
29408 34968 0 -258 12 6 6 72 16 0
27040 35344 0 -258 8 4 7 71 16 0
26432 36820 0 -259 10 5 7 60 16 0
25120 43552 0 -258 12 4 6 72 16 0
24128 44304 0 -257 8 4 8 53 16 0
22560 47904 0 -258 12 4 7 53 16 0
21088 55840 0 -256 12 4 8 42 16 0
20192 70176 0 -256 12 4 9 35 16 0
19776 87616 0 -256 16 4 8 37 16 0
19360 101440 0 -259 16 4 9 32 16 0
18976 126016 0 -259 16 4 10 28 16 0
18848 168064 0 -260 20 4 9 30 16 0
18720 171072 0 -260 16 4 11 25 16 0
18400 190592 0 -256 20 4 10 26 16 0
18336 303360 0 -256 24 4 9 28 16 0
18176 325888 0 -257 24 4 10 25 16 0
18112 446720 0 -263 24 4 12 21 16 0
17888 585984 0 -260 24 4 13 19 16 0
