28832 66864 0 -258 18 6 7 60 16 0
27936 72616 0 -256 15 5 8 58 16 0
27008 75568 0 -260 18 6 8 47 16 0
25952 90024 0 -257 15 5 9 46 16 0
25632 90416 0 -256 18 6 9 38 16 0
24384 95808 0 -257 16 4 8 53 16 0
23488 107344 0 -256 20 5 8 42 16 0
22880 112704 0 -259 16 4 9 43 16 0
21792 142400 0 -258 16 4 10 36 16 0
21344 158848 0 -256 20 4 8 42 16 0
20768 174208 0 -262 20 4 9 36 16 0
20160 200832 0 -261 20 4 10 31 16 0
19616 247936 0 -259 20 4 11 27 16 0
19232 332032 0 -259 24 4 10 28 16 0
18976 377088 0 -260 24 4 11 25 16 0
18944 463104 0 -265 24 4 12 23 16 0
18624 483368 0 -259 15 5 11 33 256 0
18272 536624 0 -261 18 6 11 29 256 0
18016 585768 0 -260 15 5 12 29 256 0
17952 630832 0 -263 18 6 12 26 256 0
17568 630848 0 -258 16 4 10 36 256 0
16800 684096 0 -258 16 4 11 31 256 0
16544 786496 0 -263 16 4 12 28 256 0
16480 806992 0 -259 20 5 11 27 256 0
16096 893008 0 -257 20 5 12 24 256 0
15968 1056848 0 -260 20 5 13 22 256 0
15936 1177728 0 -261 20 4 10 31 256 0
15392 1224832 0 -259 20 4 11 27 256 0
15008 1310848 0 -257 20 4 12 24 256 0